1.952625450485356851e-03 -1.271258234977722168e+00 -3.681097328662872314e-01 1.463597863912582397e-01 2.274869531393051147e-01
3.906150450347922742e-03 -1.382357597351074219e+00 -3.466522991657257080e-01 3.654938638210296631e-01 -2.657048404216766357e-01
5.858575675574684283e-03 -1.480184435844421387e+00 -3.925292789936065674e-01 6.605253815650939941e-01 -6.630545258522033691e-01
7.811900675278593553e-03 -1.563348293304443359e+00 -5.004370212554931641e-01 9.737707972526550293e-01 -8.461573719978332520e-01
9.765225675437250175e-03 -1.630716323852539062e+00 -6.606540083885192871e-01 1.244164824485778809e+00 -7.535891532897949219e-01
1.171855067559590680e-02 -1.681433558464050293e+00 -8.597256541252136230e-01 1.416816830635070801e+00 -3.978726863861083984e-01
1.367187567529981607e-02 -1.714937210083007812e+00 -1.081408500671386719e+00 1.451609015464782715e+00 1.378044933080673218e-01
1.562420090067462297e-02 -1.730966687202453613e+00 -1.307810306549072266e+00 1.329494595527648926e+00 7.222242951393127441e-01
1.757762590068523423e-02 -1.729567170143127441e+00 -1.520644068717956543e+00 1.055517196655273438e+00 1.211921095848083496e+00
1.953095090084389085e-02 -1.711089849472045898e+00 -1.702510595321655273e+00 6.580793261528015137e-01 1.490309119224548340e+00
2.148427590054780012e-02 -1.676184058189392090e+00 -1.838118791580200195e+00 1.845743507146835327e-01 1.499432086944580078e+00
2.343670112577456166e-02 -1.625787019729614258e+00 -1.915358901023864746e+00 -3.059383630752563477e-01 1.255635380744934082e+00
2.539002612593321828e-02 -1.561106443405151367e+00 -1.926154613494873047e+00 -7.518743276596069336e-01 8.448668718338012695e-01
2.734345112594382954e-02 -1.483599066734313965e+00 -1.867033123970031738e+00 -1.098657369613647461e+00 3.988986015319824219e-01
2.929687612595444079e-02 -1.394945502281188965e+00 -1.739374995231628418e+00 -1.307161331176757812e+00 5.898474156856536865e-02
3.124960135119181359e-02 -1.297020196914672852e+00 -1.549324870109558105e+00 -1.359744429588317871e+00 -6.307812780141830444e-02
3.320302635120242485e-02 -1.191858410835266113e+00 -1.307370424270629883e+00 -1.262938857078552246e+00 8.418351411819458008e-02
3.515545157642918639e-02 -1.081620335578918457e+00 -1.027618408203125000e+00 -1.046374678611755371e+00 4.775914549827575684e-01
3.710887657643979765e-02 -9.685531258583068848e-01 -7.268179655075073242e-01 -7.581067085266113281e-01 1.025452733039855957e+00
3.906230157645040890e-02 -8.549513816833496094e-01 -4.232003688812255859e-01 -4.570737183094024658e-01 1.592482328414916992e+00
4.101472680167717044e-02 -7.431164979934692383e-01 -1.352141499519348145e-01 -2.038627266883850098e-01 2.036683320999145508e+00
4.296815180168778170e-02 -6.353164315223693848e-01 1.197538524866104126e-01 -5.121878534555435181e-02 2.248077869415283203e+00
4.492157680169839296e-02 -5.337455868721008301e-01 3.265841603279113770e-01 -3.577783331274986267e-02 2.178677320480346680e+00
4.687490180140230223e-02 -4.404861927032470703e-01 4.734722077846527100e-01 -1.723108887672424316e-01 1.855476975440979004e+00
4.882732702662906377e-02 -3.574716746807098389e-01 5.527447462081909180e-01 -4.513761699199676514e-01 1.372917771339416504e+00
5.078075202663967502e-02 -2.864525318145751953e-01 5.613884925842285156e-01 -8.407449722290039062e-01 8.668811321258544922e-01
5.273407702679833164e-02 -2.289654910564422607e-01 5.012537837028503418e-01 -1.290380001068115234e+00 4.773455262184143066e-01
5.468650225202509318e-02 -1.863063722848892212e-01 3.789195418357849121e-01 -1.740189671516418457e+00 3.099403679370880127e-01
5.663992725203570444e-02 -1.595072001218795776e-01 2.052284628152847290e-01 -2.129353046417236328e+00 4.069357514381408691e-01
5.859325225219436106e-02 -1.493178606033325195e-01 -5.474912002682685852e-03 -2.405760049819946289e+00 7.356184720993041992e-01
6.054657725189827033e-02 -1.561928391456604004e-01 -2.363499104976654053e-01 -2.534100294113159180e+00 1.197241544723510742e+00
6.251416069471815717e-02 -1.802830249071121216e-01 -4.692394137382507324e-01 -2.501337051391601562e+00 1.654093861579895020e+00
6.446668636999675073e-02 -2.214328050613403320e-01 -6.859411001205444336e-01 -2.318717479705810547e+00 1.967271566390991211e+00
6.642021137031406397e-02 -2.791826725006103516e-01 -8.694813847541809082e-01 -2.020004034042358398e+00 2.034798860549926758e+00
6.837283659524473478e-02 -3.527770340442657471e-01 -1.005303740501403809e+00 -1.656202197074890137e+00 1.819649577140808105e+00
7.032626159525534604e-02 -4.411772191524505615e-01 -1.082287788391113281e+00 -1.287606716156005859e+00 1.359990596771240234e+00
7.227968659526595729e-02 -5.430794358253479004e-01 -1.093529105186462402e+00 -9.744066596031188965e-01 7.588362693786621094e-01
7.423221182079942082e-02 -6.569375991821289062e-01 -1.036823511123657227e+00 -7.673088312149047852e-01 1.559511423110961914e-01
7.618563682081003208e-02 -7.809899449348449707e-01 -9.148249626159667969e-01 -6.996436119079589844e-01 -3.103013038635253906e-01
7.813816204588874825e-02 -9.132897853851318359e-01 -7.348630428314208984e-01 -7.821810841560363770e-01 -5.407087802886962891e-01
8.009178704605801613e-02 -1.051739573478698730e+00 -5.084344744682312012e-01 -1.001464486122131348e+00 -5.022142529487609863e-01
8.204531204592058202e-02 -1.194127202033996582e+00 -2.504038512706756592e-01 -1.321922063827514648e+00 -2.367744445800781250e-01
8.399773727114734356e-02 -1.338164806365966797e+00 2.203079126775264740e-02 -1.691426396369934082e+00 1.503524929285049438e-01
8.595126227100990945e-02 -1.481528282165527344e+00 2.905358076095581055e-01 -2.049436807632446289e+00 5.196794867515563965e-01
8.790378749608862563e-02 -1.621898412704467773e+00 5.369189977645874023e-01 -2.336455106735229492e+00 7.359523773193359375e-01
8.985741249625789351e-02 -1.757000446319580078e+00 7.443971633911132812e-01 -2.503323793411254883e+00 7.054580450057983398e-01
9.181093749612045940e-02 -1.884644746780395508e+00 8.987660408020019531e-01 -2.518914461135864258e+00 4.019520282745361328e-01
9.376336272134722094e-02 -2.002764225006103516e+00 9.893903136253356934e-01 -2.375015020370483398e+00 -1.259029507637023926e-01
9.571688772166453418e-02 -2.109450578689575195e+00 1.009945631027221680e+00 -2.087645769119262695e+00 -7.676282525062561035e-01
9.767031272167514544e-02 -2.202987909317016602e+00 9.588595628738403320e-01 -1.694608807563781738e+00 -1.380964517593383789e+00
9.962273794690190698e-02 -2.281882047653198242e+00 8.394228219985961914e-01 -1.249643445014953613e+00 -1.830621242523193359e+00
1.015762629467644729e-01 -2.344887018203735352e+00 6.595600843429565430e-01 -8.141035437583923340e-01 -2.025122880935668945e+00
1.035287881718431890e-01 -2.391026496887207031e+00 4.312795102596282959e-01 -4.474506378173828125e-01 -1.941655755043029785e+00
1.054824131720124569e-01 -2.419610738754272461e+00 1.698368787765502930e-01 -1.980430185794830322e-01 -1.632105350494384766e+00
1.074358381720230682e-01 -2.430248737335205078e+00 -1.073259413242340088e-01 -9.565620869398117065e-02 -1.208635449409484863e+00
1.093883633971017844e-01 -2.422854900360107422e+00 -3.817948102951049805e-01 -1.468987911939620972e-01 -8.127596974372863770e-01
1.113419883972710522e-01 -2.397650241851806641e+00 -6.354646086692810059e-01 -3.342375755310058594e-01 -5.763850212097167969e-01
1.132945136223497684e-01 -2.355158329010009766e+00 -8.517984747886657715e-01 -6.187836527824401855e-01 -5.855055451393127441e-01
1.152483386222229456e-01 -2.296196699142456055e+00 -1.016977548599243164e+00 -9.464051127433776855e-01 -8.564986586570739746e-01
1.172008638477564091e-01 -2.221861362457275391e+00 -1.120861172676086426e+00 -1.256213784217834473e+00 -1.331520080566406250e+00
1.191543888476189750e-01 -2.133508682250976562e+00 -1.157689213752746582e+00 -1.490104317665100098e+00 -1.894262671470642090e+00
1.211070140730043931e-01 -2.032730102539062500e+00 -1.126480221748352051e+00 -1.601859450340270996e+00 -2.401758432388305664e+00
1.230605390728669590e-01 -1.921325802803039551e+00 -1.031094789505004883e+00 -1.564401984214782715e+00 -2.723511457443237305e+00
1.250283398571809812e-01 -1.801271915435791016e+00 -8.799612522125244141e-01 -1.374065995216369629e+00 -2.777233123779296875e+00
1.269806655327556655e-01 -1.674686312675476074e+00 -6.854833960533142090e-01 -1.051218748092651367e+00 -2.551390647888183594e+00
1.289343905327768880e-01 -1.543791294097900391e+00 -4.631697237491607666e-01 -6.371384859085083008e-01 -2.108383178710937500e+00
1.308869157578556042e-01 -1.410874724388122559e+00 -2.305463552474975586e-01 -1.876331716775894165e-01 -1.567481398582458496e+00
1.328405407580248720e-01 -1.278250098228454590e+00 -5.929240025579929352e-03 2.356058061122894287e-01 -1.072199702262878418e+00
1.347931659829555429e-01 -1.148215293884277344e+00 1.928592175245285034e-01 5.745691657066345215e-01 -7.510473132133483887e-01
1.367466909828181088e-01 -1.023012995719909668e+00 3.497391641139984131e-01 7.839238047599792480e-01 -6.824117302894592285e-01
1.386993162082035269e-01 -9.047911763191223145e-01 4.515009820461273193e-01 8.380358815193176270e-01 -8.731991052627563477e-01
1.406527412082141382e-01 -7.955652475357055664e-01 4.887329638004302979e-01 7.349280714988708496e-01 -1.257084131240844727e+00
1.426054664334515110e-01 -6.971828937530517578e-01 4.564843177795410156e-01 4.965558350086212158e-01 -1.712847232818603516e+00
1.445589914333140769e-01 -6.112916469573974609e-01 3.546172976493835449e-01 1.653591841459274292e-01 -2.097773313522338867e+00
1.465124164333246881e-01 -5.393101572990417480e-01 1.878235638141632080e-01 -2.023725360631942749e-01 -2.286954402923583984e+00
1.484650416587101063e-01 -4.824029803276062012e-01 -3.469582647085189819e-02 -5.452893972396850586e-01 -2.207725763320922852e+00
1.504185666585726722e-01 -4.414605796337127686e-01 -2.998650074005126953e-01 -8.065540790557861328e-01 -1.859792113304138184e+00
1.523712918838100450e-01 -4.170835018157958984e-01 -5.916380286216735840e-01 -9.427083134651184082e-01 -1.315530538558959961e+00
1.543248168841273582e-01 -4.095718860626220703e-01 -8.921103477478027344e-01 -9.304516315460205078e-01 -7.003799676895141602e-01
1.562773421092060744e-01 -4.189202487468719482e-01 -1.182760596275329590e+00 -7.702764272689819336e-01 -1.586934626102447510e-01
1.582308671090686403e-01 -4.448175132274627686e-01 -1.445734500885009766e+00 -4.863932430744171143e-01 1.855912953615188599e-01
1.601843921089312062e-01 -4.866525828838348389e-01 -1.665082693099975586e+00 -1.229576915502548218e-01 2.626866400241851807e-01
1.621369173344646697e-01 -5.435249805450439453e-01 -1.827866315841674805e+00 2.628128826618194580e-01 7.585068792104721069e-02
1.640904423343272356e-01 -6.142607331275939941e-01 -1.925051450729370117e+00 6.095613837242126465e-01 -2.997320294380187988e-01
1.660429675594059518e-01 -6.974328160285949707e-01 -1.952131986618041992e+00 8.613615036010742188e-01 -7.377763986587524414e-01
1.679964925597232650e-01 -7.913862466812133789e-01 -1.909437537193298340e+00 9.764460325241088867e-01 -1.095719218254089355e+00
1.699492177849606378e-01 -8.942671418190002441e-01 -1.802102804183959961e+00 9.337339401245117188e-01 -1.253992557525634766e+00
1.719027427848232037e-01 -1.004055261611938477e+00 -1.639703273773193359e+00 7.361385822296142578e-01 -1.148982524871826172e+00
1.738553680102086219e-01 -1.118599295616149902e+00 -1.435580253601074219e+00 4.101422727108001709e-01 -7.906384468078613281e-01
1.758089930099231424e-01 -1.235654830932617188e+00 -1.205904483795166016e+00 1.703501562587916851e-03 -2.599056065082550049e-01
1.777625180097857083e-01 -1.352923154830932617e+00 -9.685417413711547852e-01 -4.308667778968811035e-01 3.133177757263183594e-01
1.797150432353191718e-01 -1.468092560768127441e+00 -7.418012022972106934e-01 -8.259495496749877930e-01 7.856578230857849121e-01
1.816685682351817377e-01 -1.578877925872802734e+00 -5.431522727012634277e-01 -1.128174662590026855e+00 1.039455413818359375e+00
1.836209934604084992e-01 -1.683061242103576660e+00 -3.880008161067962646e-01 -1.297002077102661133e+00 1.014928936958312988e+00
1.855745184602710651e-01 -1.778530597686767578e+00 -2.886092364788055420e-01 -1.312990665435791016e+00 7.264965176582336426e-01
1.875418307304244081e-01 -1.863317251205444336e+00 -2.532359063625335693e-01 -1.180779457092285156e+00 2.587827444076538086e-01
1.894948561812270782e-01 -1.935629844665527344e+00 -2.855542600154876709e-01 -9.283152818679809570e-01 -2.565926313400268555e-01
1.914484811809415987e-01 -1.993886351585388184e+00 -3.843916952610015869e-01 -6.024494171142578125e-01 -6.770848035812377930e-01
1.934010064064750622e-01 -2.036741495132446289e+00 -5.438068509101867676e-01 -2.615886032581329346e-01 -8.882658481597900391e-01
1.953545314063376281e-01 -2.063110828399658203e+00 -7.534995079040527344e-01 3.345532342791557312e-02 -8.351386189460754395e-01
1.973070566314163443e-01 -2.072189331054687500e+00 -9.995247721672058105e-01 2.289907038211822510e-01 -5.371414422988891602e-01
1.992605816312789102e-01 -2.063466072082519531e+00 -1.265261888504028320e+00 2.868628799915313721e-01 -8.273144066333770752e-02
2.012140066312895215e-01 -2.036733150482177734e+00 -1.532569885253906250e+00 1.904510706663131714e-01 3.949677944183349609e-01
2.031665318568229850e-01 -1.992089390754699707e+00 -1.783049345016479492e+00 -5.268884450197219849e-02 7.547790408134460449e-01
2.051200568566855509e-01 -1.929938554763793945e+00 -1.999322533607482910e+00 -4.119477570056915283e-01 8.863090276718139648e-01
2.070724820819123124e-01 -1.850983023643493652e+00 -2.166243314743041992e+00 -8.383780717849731445e-01 7.403650879859924316e-01
2.090260070817748783e-01 -1.756211161613464355e+00 -2.271950721740722656e+00 -1.272265791893005371e+00 3.426130414009094238e-01
2.109794320817854896e-01 -1.646880149841308594e+00 -2.308694362640380859e+00 -1.652381181716918945e+00 -2.132683694362640381e-01
2.129319573073189531e-01 -1.524494290351867676e+00 -2.273373842239379883e+00 -1.925466179847717285e+00 -7.910625934600830078e-01
2.148855823070334736e-01 -1.390778899192810059e+00 -2.167753219604492188e+00 -2.054483652114868164e+00 -1.249139428138732910e+00
2.168391073073507869e-01 -1.247650146484375000e+00 -1.998337864875793457e+00 -2.024340152740478516e+00 -1.479055643081665039e+00
2.187915325321228011e-01 -1.097181558609008789e+00 -1.775920510292053223e+00 -1.844195127487182617e+00 -1.435055494308471680e+00
2.207450575324401143e-01 -9.415681958198547363e-01 -1.514828324317932129e+00 -1.545994281768798828e+00 -1.146387100219726562e+00
2.226975827575188305e-01 -7.830880284309387207e-01 -1.231924176216125488e+00 -1.179456353187561035e+00 -7.090618610382080078e-01
2.246511077573813964e-01 -6.240625381469726562e-01 -9.454318881034851074e-01 -8.042954206466674805e-01 -2.593174278736114502e-01
2.266046327576987096e-01 -4.668160378932952881e-01 -6.736660599708557129e-01 -4.808890819549560547e-01 6.394051760435104370e-02
2.285571579827774258e-01 -3.136353194713592529e-01 -4.337566792964935303e-01 -2.608468532562255859e-01 1.574222147464752197e-01
2.305106829826399917e-01 -1.667297035455703735e-01 -2.404563724994659424e-01 -1.789476871490478516e-01 -1.803123392164707184e-02
2.324632082081734552e-01 -2.819260582327842712e-02 -1.051137447357177734e-01 -2.477025389671325684e-01 -4.265188574790954590e-01
2.344166332081840665e-01 1.000349372625350952e-01 -3.488451614975929260e-02 -4.553892612457275391e-01 -9.667341709136962891e-01
2.363702582078985870e-01 2.161980569362640381e-01 -3.223545104265213013e-02 -7.678656578063964844e-01 -1.499558568000793457e+00
2.383227834334320505e-01 3.187585771083831787e-01 -9.477547556161880493e-02 -1.133878469467163086e+00 -1.886032700538635254e+00
2.402764084331465710e-01 4.064217209815979004e-01 -2.154259532690048218e-01 -1.493041992187500000e+00 -2.025301218032836914e+00
2.422288336583733326e-01 4.781585931777954102e-01 -3.829181790351867676e-01 -1.785242080688476562e+00 -1.882131814956665039e+00
2.441823586582358985e-01 5.332239270210266113e-01 -5.825832486152648926e-01 -1.960003376007080078e+00 -1.496469020843505859e+00
2.461358836585532117e-01 5.711690187454223633e-01 -7.973794937133789062e-01 -1.984358310699462891e+00 -9.724031686782836914e-01
2.480883088837799733e-01 5.918492078781127930e-01 -1.009085655212402344e+00 -1.847993016242980957e+00 -4.495813250541687012e-01
2.500565981817999273e-01 5.954263806343078613e-01 -1.199576616287231445e+00 -1.564870119094848633e+00 -6.489418447017669678e-02
2.520093238572371774e-01 5.823657512664794922e-01 -1.352092146873474121e+00 -1.171072602272033691e+00 8.505907654762268066e-02
2.539619490826225956e-01 5.534275174140930176e-01 -1.452412009239196777e+00 -7.192072868347167969e-01 -2.955910190939903259e-02
2.559155740827918635e-01 5.096534490585327148e-01 -1.489852905273437500e+00 -2.702378928661346436e-01 -3.636744916439056396e-01
2.578679993080186250e-01 4.523481726646423340e-01 -1.458019495010375977e+00 1.159796938300132751e-01 -8.097043633460998535e-01
2.598215243078811909e-01 3.830563127994537354e-01 -1.355257153511047363e+00 3.899863958358764648e-01 -1.227114439010620117e+00
2.617749493078918022e-01 3.035351634025573730e-01 -1.184773325920104980e+00 5.203861594200134277e-01 -1.481028199195861816e+00
2.637274745329705183e-01 2.157235443592071533e-01 -9.544206261634826660e-01 4.986956417560577393e-01 -1.479306578636169434e+00
2.656808995329811296e-01 1.217078119516372681e-01 -6.761566400527954102e-01 3.406222164630889893e-01 -1.197934031486511230e+00
2.676344245332984428e-01 2.368492446839809418e-02 -3.652165532112121582e-01 8.357140421867370605e-02 -6.877524852752685547e-01
2.695869497583771590e-01 -7.607616484165191650e-02 -3.905828669667243958e-02 -2.192276269197463989e-01 -6.069668009877204895e-02
2.715404747582397249e-01 -1.752745360136032104e-01 2.838476300239562988e-01 -5.070635676383972168e-01 5.406988263130187988e-01
2.734928999834664864e-01 -2.716177999973297119e-01 5.852985382080078125e-01 -7.212517261505126953e-01 9.821643829345703125e-01
2.754464249833290523e-01 -3.628625273704528809e-01 8.486216068267822266e-01 -8.143289685249328613e-01 1.174283266067504883e+00
2.773998499833396636e-01 -4.468536972999572754e-01 1.059828519821166992e+00 -7.575020790100097656e-01 1.096775293350219727e+00
2.793524752087250818e-01 -5.215627551078796387e-01 1.208583593368530273e+00 -5.451896190643310547e-01 8.038244843482971191e-01
2.813061002088943496e-01 -5.851234197616577148e-01 1.288916110992431641e+00 -1.959492713212966919e-01 4.089913070201873779e-01
2.832586254339730658e-01 -6.358643770217895508e-01 1.299629807472229004e+00 2.503544092178344727e-01 5.384731292724609375e-02
2.852122504341423337e-01 -6.723390817642211914e-01 1.244377255439758301e+00 7.386999130249023438e-01 -1.310694962739944458e-01
2.871647756592210499e-01 -6.933511495590209961e-01 1.131398677825927734e+00 1.207420110702514648e+00 -6.227537989616394043e-02
2.891184006593903177e-01 -6.979756355285644531e-01 9.729381799697875977e-01 1.597748517990112305e+00 2.735365331172943115e-01
2.910718256589461816e-01 -6.855754852294921875e-01 7.843831777572631836e-01 1.862914323806762695e+00 8.156114220619201660e-01
2.930244508843315998e-01 -6.558127403259277344e-01 5.831831693649291992e-01 1.975370645523071289e+00 1.445552229881286621e+00
2.949779758841941657e-01 -6.086550951004028320e-01 3.876252472400665283e-01 1.931028366088867188e+00 2.019545555114746094e+00
2.969306011095795839e-01 -5.443761944770812988e-01 2.155514806509017944e-01 1.749839305877685547e+00 2.407564401626586914e+00
2.988841261094421498e-01 -4.635516107082366943e-01 8.310718089342117310e-02 1.472634792327880859e+00 2.528803110122680664e+00
3.008367513348275679e-01 -3.670485615730285645e-01 3.607622347772121429e-03 1.154716253280639648e+00 2.373638868331909180e+00
3.027902763346901338e-01 -2.560113370418548584e-01 -1.339759677648544312e-02 8.571919202804565430e-01 2.006097793579101562e+00
3.047437013347007451e-01 -1.318411529064178467e-01 3.720238059759140015e-02 6.374137401580810547e-01 1.546153664588928223e+00
3.066963265600861632e-01 3.827815409749746323e-03 1.557164043188095093e-01 5.400002002716064453e-01 1.136712908744812012e+00
3.086497515600967745e-01 1.491570621728897095e-01 3.376230299472808838e-01 5.898466110229492188e-01 9.043328166007995605e-01
3.106022767851754907e-01 3.021355569362640381e-01 5.738793015480041504e-01 7.882099747657775879e-01 9.244422316551208496e-01
3.125708904067323601e-01 4.606148004531860352e-01 8.515450954437255859e-01 1.112478971481323242e+00 1.200596332550048828e+00
3.145228163075444172e-01 6.223462224006652832e-01 1.154679179191589355e+00 1.519665002822875977e+00 1.663452267646789551e+00
3.164764413077136851e-01 7.850201725959777832e-01 1.465445280075073242e+00 1.953071117401123047e+00 2.189746379852294922e+00
3.184289665327924013e-01 9.463063478469848633e-01 1.765350103378295898e+00 2.351099014282226562e+00 2.636073112487792969e+00
3.203824915326549672e-01 1.103894352912902832e+00 2.036527395248413086e+00 2.656824111938476562e+00 2.878205537796020508e+00
3.223360165329722804e-01 1.255533576011657715e+00 2.262979507446289062e+00 2.826846599578857422e+00 2.845185041427612305e+00
3.242885417580509966e-01 1.399072885513305664e+00 2.431686878204345703e+00 2.838039159774780273e+00 2.538830280303955078e+00
3.262420667579135625e-01 1.532497882843017578e+00 2.533512830734252930e+00 2.691141605377197266e+00 2.033325672149658203e+00
3.281945919834470260e-01 1.653965711593627930e+00 2.563835620880126953e+00 2.410643339157104492e+00 1.454995036125183105e+00
3.301483169834682485e-01 1.761837363243103027e+00 2.522867441177368164e+00 2.040968656539916992e+00 9.478055834770202637e-01
3.321009422083989193e-01 1.854706287384033203e+00 2.415635824203491211e+00 1.639563202857971191e+00 6.340557932853698730e-01
3.340544672082614852e-01 1.931422591209411621e+00 2.251629114151000977e+00 1.267954707145690918e+00 5.810189843177795410e-01
3.360070924336469034e-01 1.991112947463989258e+00 2.044133901596069336e+00 9.821838140487670898e-01 7.826834917068481445e-01
3.379607174338161713e-01 2.033195734024047852e+00 1.809303998947143555e+00 8.240912556648254395e-01 1.161592245101928711e+00
3.399133426587468421e-01 2.057391166687011719e+00 1.565032601356506348e+00 8.148227930068969727e-01 1.590276002883911133e+00
3.418669676589161099e-01 2.063725709915161133e+00 1.329703092575073242e+00 9.515596032142639160e-01 1.926403641700744629e+00
3.438194928839948261e-01 2.052531957626342773e+00 1.120905160903930664e+00 1.207985758781433105e+00 2.052014589309692383e+00
3.457730178843121394e-01 2.024441957473754883e+00 9.542070627212524414e-01 1.538418889045715332e+00 1.906078219413757324e+00
3.477265428841747053e-01 1.980376482009887695e+00 8.420698046684265137e-01 1.884960174560546875e+00 1.501455068588256836e+00
3.496790681092534214e-01 1.921528339385986328e+00 7.929772734642028809e-01 2.186550617218017578e+00 9.216088652610778809e-01
3.516325931091159873e-01 1.849341511726379395e+00 8.108448386192321777e-01 2.388522386550903320e+00 2.979682981967926025e-01
3.535852183345014055e-01 1.765485882759094238e+00 8.947467207908630371e-01 2.451157093048095703e+00 -2.258587926626205444e-01
3.555388433346706734e-01 1.671827435493469238e+00 1.038981318473815918e+00 2.355918645858764648e+00 -5.332136154174804688e-01
3.574915685599080462e-01 1.570395708084106445e+00 1.233469724655151367e+00 2.108387947082519531e+00 -5.661348700523376465e-01
3.594451935596225667e-01 1.463348031044006348e+00 1.464460015296936035e+00 1.737445116043090820e+00 -3.410284221172332764e-01
3.613977187851560302e-01 1.352931380271911621e+00 1.715488195419311523e+00 1.290822625160217285e+00 5.603438243269920349e-02
3.633511437851666415e-01 1.241443395614624023e+00 1.968528151512145996e+00 8.277243375778198242e-01 4.930998384952545166e-01
3.653038690104040143e-01 1.131191492080688477e+00 2.205251693725585938e+00 4.096587300300598145e-01 8.286755681037902832e-01
3.672574940101185348e-01 1.024452567100524902e+00 2.408308506011962891e+00 9.091442078351974487e-02 9.506732821464538574e-01
3.692101192355039530e-01 9.234330058097839355e-01 2.562540531158447266e+00 -8.983965963125228882e-02 8.072755336761474609e-01
3.711638442355251755e-01 8.302296996116638184e-01 2.656040668487548828e+00 -1.155206561088562012e-01 4.212659299373626709e-01
3.731164694604558463e-01 7.467935681343078613e-01 2.680989027023315430e+00 6.763860583305358887e-03 -1.161061748862266541e-01
3.750845634881443402e-01 6.748949289321899414e-01 2.634200572967529297e+00 2.468790113925933838e-01 -6.700457334518432617e-01
3.770369889389257878e-01 6.160926818847656250e-01 2.517352581024169922e+00 5.564118623733520508e-01 -1.099087834358215332e+00
3.789907139389470103e-01 5.717066526412963867e-01 2.336871862411499023e+00 8.762665987014770508e-01 -1.293823122978210449e+00
3.809431391641737719e-01 5.427944660186767578e-01 2.103491783142089844e+00 1.145922660827636719e+00 -1.206860065460205078e+00
3.828966641640363378e-01 5.301330685615539551e-01 1.831509232521057129e+00 1.312912940979003906e+00 -8.658118247985839844e-01
3.848491893891150539e-01 5.342049002647399902e-01 1.537792563438415527e+00 1.341046571731567383e+00 -3.657496273517608643e-01
3.868027143889776198e-01 5.551891922950744629e-01 1.240611791610717773e+00 1.216094136238098145e+00 1.568112671375274658e-01
3.887561393889882311e-01 5.929592251777648926e-01 9.583693742752075195e-01 9.480499625205993652e-01 5.612618923187255859e-01
3.907085646142149926e-01 6.470838785171508789e-01 7.083243131637573242e-01 5.696196556091308594e-01 7.413514852523803711e-01
3.926620896145323059e-01 7.168355584144592285e-01 5.053941607475280762e-01 1.311669945716857910e-01 6.542024612426757812e-01
3.946156146143948718e-01 8.012027740478515625e-01 3.611215353012084961e-01 -3.070923089981079102e-01 3.319384455680847168e-01
3.965680398396216333e-01 8.989075422286987305e-01 2.828759253025054932e-01 -6.844342350959777832e-01 -1.272615045309066772e-01
3.985216648397909012e-01 1.008428096771240234e+00 2.733466029167175293e-01 -9.490525126457214355e-01 -5.862285494804382324e-01
4.004741900648696173e-01 1.128025174140930176e+00 3.303619921207427979e-01 -1.066099286079406738e+00 -9.065703153610229492e-01
4.024278150650388852e-01 1.255772590637207031e+00 4.470482170581817627e-01 -1.023087978363037109e+00 -9.867858290672302246e-01
4.043813400649014511e-01 1.389590859413146973e+00 6.123157143592834473e-01 -8.318163156509399414e-01 -7.902804613113403320e-01
4.063337652901282127e-01 1.527283549308776855e+00 8.116396665573120117e-01 -5.265118479728698730e-01 -3.556019663810729980e-01
4.082873902898427332e-01 1.666575908660888672e+00 1.028080224990844727e+00 -1.584866642951965332e-01 2.139111012220382690e-01
4.102399155153761967e-01 1.805154323577880859e+00 1.243471145629882812e+00 2.118642628192901611e-01 7.782321572303771973e-01
4.121933405153868080e-01 1.940707206726074219e+00 1.439694285392761230e+00 5.244758129119873047e-01 1.198801636695861816e+00
4.141469655151013285e-01 2.070965051651000977e+00 1.599950075149536133e+00 7.289699912071228027e-01 1.376278877258300781e+00
4.160993907403280900e-01 2.193740606307983398e+00 1.709936380386352539e+00 7.925001978874206543e-01 1.277546405792236328e+00
4.180530157404973579e-01 2.306967020034790039e+00 1.758853912353515625e+00 7.048612833023071289e-01 9.445672035217285156e-01
4.200055409655760741e-01 2.408733844757080078e+00 1.740165829658508301e+00 4.800689816474914551e-01 4.826706945896148682e-01
4.219590659658933873e-01 2.497320175170898438e+00 1.652061462402343750e+00 1.541626304388046265e-01 3.147880733013153076e-02
4.239125909657559532e-01 2.571226358413696289e+00 1.497589707374572754e+00 -2.204256206750869751e-01 -2.735568881034851074e-01
4.258651161908346694e-01 2.629198312759399414e+00 1.284453392028808594e+00 -5.830590724945068359e-01 -3.384638726711273193e-01
4.278185411908452807e-01 2.670250654220581055e+00 1.024479389190673828e+00 -8.743659257888793945e-01 -1.366760879755020142e-01
4.297710664159239968e-01 2.693683624267578125e+00 7.328009605407714844e-01 -1.045515179634094238e+00 2.835276424884796143e-01
4.317245914162413101e-01 2.699095487594604492e+00 4.268088042736053467e-01 -1.065854191780090332e+00 8.121141195297241211e-01
4.336780164162519213e-01 2.686389923095703125e+00 1.249455362558364868e-01 -9.277176856994628906e-01 1.307329297065734863e+00
4.356305416413306375e-01 2.655776977539062500e+00 -1.545741856098175049e-01 -6.476597785949707031e-01 1.634443879127502441e+00
4.375983361196631449e-01 2.607770442962646484e+00 -3.950273990631103516e-01 -2.639155089855194092e-01 1.702594995498657227e+00
4.395516613449217402e-01 2.543177843093872070e+00 -5.823429822921752930e-01 1.695109158754348755e-01 1.489624381065368652e+00
4.415040865696937544e-01 2.463087081909179688e+00 -7.060768008232116699e-01 5.912128090858459473e-01 1.048110365867614746e+00
4.434574115698524110e-01 2.368847608566284180e+00 -7.601343989372253418e-01 9.418979287147521973e-01 4.909370243549346924e-01
4.454109365697149769e-01 2.262046337127685547e+00 -7.431907653808593750e-01 1.173574686050415039e+00 -3.964088857173919678e-02
4.473633617949417385e-01 2.144480228424072266e+00 -6.587770581245422363e-01 1.256976604461669922e+00 -4.109612107276916504e-01
4.493166867951003951e-01 2.018124818801879883e+00 -5.150299072265625000e-01 1.186069011688232422e+00 -5.362657904624938965e-01
4.512701117951110064e-01 1.885099530220031738e+00 -3.241190314292907715e-01 9.789365530014038086e-01 -3.984093666076660156e-01
4.532234367952696630e-01 1.747631430625915527e+00 -1.013943403959274292e-01 6.749128699302673340e-01 -5.446806922554969788e-02
4.551758620204964245e-01 1.608015418052673340e+00 1.356884837150573730e-01 3.284007608890533447e-01 3.800144195556640625e-01
4.571292870205070358e-01 1.468574643135070801e+00 3.687891364097595215e-01 3.450489311944693327e-04 7.628245353698730469e-01
4.590827120205176470e-01 1.331619858741760254e+00 5.799650549888610840e-01 -2.513135969638824463e-01 9.642047286033630371e-01
4.610350372454377066e-01 1.199409008026123047e+00 7.529256939888000488e-01 -3.807159662246704102e-01 9.025823473930358887e-01
4.629884622454483178e-01 1.074107885360717773e+00 8.741714954376220703e-01 -3.612793684005737305e-01 5.671088099479675293e-01
4.649418872454589291e-01 9.577525854110717773e-01 9.339376688003540039e-01 -1.898891329765319824e-01 2.082898095250129700e-02
4.668953122454695404e-01 8.522132039070129395e-01 9.268772602081298828e-01 1.125666797161102295e-01 -6.163882017135620117e-01
4.688476374708443473e-01 7.591623067855834961e-01 8.524359464645385742e-01 5.044024586677551270e-01 -1.200482964515686035e+00
4.708010624708549585e-01 6.800447702407836914e-01 7.148919701576232910e-01 9.295817613601684570e-01 -1.602458953857421875e+00
4.727544874708655698e-01 6.160535216331481934e-01 5.230592489242553711e-01 1.326401114463806152e+00 -1.743502736091613770e+00
4.747078124705694790e-01 5.681080222129821777e-01 2.896732389926910400e-01 1.637058854103088379e+00 -1.616344332695007324e+00
4.766602376957962406e-01 5.368388891220092773e-01 3.050336427986621857e-02 1.816619515419006348e+00 -1.287009119987487793e+00
4.786136626958068518e-01 5.225768089294433594e-01 -2.367464751005172729e-01 1.839975714683532715e+00 -8.764795660972595215e-01
4.805670876958174631e-01 5.253467559814453125e-01 -4.936728179454803467e-01 1.705726385116577148e+00 -5.272982716560363770e-01
4.825195129210442246e-01 5.448680520057678223e-01 -7.224566340446472168e-01 1.436364531517028809e+00 -3.642657697200775146e-01
4.844728379212028813e-01 5.805591344833374023e-01 -9.071066975593566895e-01 1.074747204780578613e+00 -4.600068628787994385e-01
4.864263629210654472e-01 6.315482258796691895e-01 -1.034576296806335449e+00 6.773974299430847168e-01 -8.148455023765563965e-01
4.883797879210760584e-01 6.966884136199951172e-01 -1.095674514770507812e+00 3.056811392307281494e-01 -1.356505393981933594e+00
4.903322131463028200e-01 7.745782136917114258e-01 -1.085709214210510254e+00 1.623303070664405823e-02 -1.959720253944396973e+00
4.922856381463134312e-01 8.635863065719604492e-01 -1.004816532135009766e+00 -1.478758454322814941e-01 -2.480381250381469727e+00
4.942389631464720878e-01 9.618800282478332520e-01 -8.579543232917785645e-01 -1.638547331094741821e-01 -2.794863939285278320e+00
4.961913883716988494e-01 1.067457795143127441e+00 -6.545588970184326172e-01 -3.274662420153617859e-02 -2.833758831024169922e+00
4.981448133717094606e-01 1.178184628486633301e+00 -4.078908264636993408e-01 2.207344025373458862e-01 -2.600761890411376953e+00
4.998878450796837569e-01 1.291828989982604980e+00 -1.341136395931243896e-01 5.520567893981933594e-01 -2.171547651290893555e+00
5.018398707552478299e-01 1.406103014945983887e+00 1.488293856382369995e-01 9.038158655166625977e-01 -1.672937154769897461e+00
5.037934957554170978e-01 1.518702030181884766e+00 4.224621951580047607e-01 1.214687228202819824e+00 -1.248069763183593750e+00
5.057460209804958140e-01 1.627345442771911621e+00 6.690599322319030762e-01 1.428994536399841309e+00 -1.017124414443969727e+00
5.076993459806544706e-01 1.729816913604736328e+00 8.728802204132080078e-01 1.505401730537414551e+00 -1.044355869293212891e+00
5.096527709806650819e-01 1.824003100395202637e+00 1.021255731582641602e+00 1.423375010490417480e+00 -1.320482730865478516e+00
5.116051962058918434e-01 1.907931327819824219e+00 1.105472445487976074e+00 1.186408996582031250e+00 -1.765250325202941895e+00
5.135585212055957527e-01 1.979803800582885742e+00 1.121371984481811523e+00 8.215134143829345703e-01 -2.249469757080078125e+00
5.155119462056063639e-01 2.038029670715332031e+00 1.069635272026062012e+00 3.750405907630920410e-01 -2.630489587783813477e+00
5.174653712056169752e-01 2.081253290176391602e+00 9.557298421859741211e-01 -9.449604898691177368e-02 -2.791379451751708984e+00
5.194177964308437367e-01 2.108377695083618164e+00 7.895221114158630371e-01 -5.254952311515808105e-01 -2.673085451126098633e+00
5.213712214308543480e-01 2.118583917617797852e+00 5.845831632614135742e-01 -8.628186583518981934e-01 -2.290742397308349609e+00
5.233246464308649593e-01 2.111346483230590820e+00 3.572359085083007812e-01 -1.066333055496215820e+00 -1.729673385620117188e+00
5.252769716562397662e-01 2.086441755294799805e+00 1.254102587699890137e-01 -1.117112278938293457e+00 -1.122168898582458496e+00
5.272303966562503774e-01 2.043952941894531250e+00 -9.261374920606613159e-02 -1.020334362983703613e+00 -6.114103794097900391e-01
5.291839216561129433e-01 1.984268307685852051e+00 -2.794876992702484131e-01 -8.044222593307495117e-01 -3.124233484268188477e-01
5.311373466561235546e-01 1.908074617385864258e+00 -4.200113117694854736e-01 -5.165624618530273438e-01 -2.807589471340179443e-01
5.330898718816570181e-01 1.816345691680908203e+00 -5.021995306015014648e-01 -2.152997553348541260e-01 -4.974872171878814697e-01
5.350432968816676293e-01 1.710325479507446289e+00 -5.181252360343933105e-01 3.863834589719772339e-02 -8.746115565299987793e-01
5.369959221065983002e-01 1.591506123542785645e+00 -4.644792377948760986e-01 1.918578594923019409e-01 -1.279419064521789551e+00
5.389493471066089114e-01 1.461602687835693359e+00 -3.428081274032592773e-01 2.066728472709655762e-01 -1.571090817451477051e+00
5.409027721066195227e-01 1.322522759437561035e+00 -1.594135463237762451e-01 6.703355163335800171e-02 -1.639536380767822266e+00
5.428551973318462842e-01 1.176333785057067871e+00 7.508002221584320068e-02 -2.189154028892517090e-01 -1.435806274414062500e+00
5.448088223320155521e-01 1.025226712226867676e+00 3.464590609073638916e-01 -6.200457215309143066e-01 -9.857456684112548828e-01
5.467623473318781180e-01 8.714781999588012695e-01 6.379051208496093750e-01 -1.087036490440368652e+00 -3.831457495689392090e-01
5.487147725571048795e-01 7.174105644226074219e-01 9.311604499816894531e-01 -1.560000061988830566e+00 2.357340753078460693e-01
5.506680975572635361e-01 5.653517842292785645e-01 1.207794427871704102e+00 -1.977754354476928711e+00 7.292911410331726074e-01
5.526215225572741474e-01 4.175946116447448730e-01 1.450481534004211426e+00 -2.287299156188964844e+00 9.891787767410278320e-01
5.545739477825009089e-01 2.763569355010986328e-01 1.644203543663024902e+00 -2.452018976211547852e+00 9.698039293289184570e-01
5.565273727825115202e-01 1.437429785728454590e-01 1.777288913726806641e+00 -2.457336902618408203e+00 7.006391286849975586e-01
5.584807977825221315e-01 2.170679531991481781e-02 1.842221498489379883e+00 -2.312937021255493164e+00 2.779768109321594238e-01
5.604341227822260407e-01 -8.798178285360336304e-02 1.836157321929931641e+00 -2.051211118698120117e+00 -1.616121232509613037e-01
5.624011280706326943e-01 -1.837678849697113037e-01 1.761117339134216309e+00 -1.722171902656555176e+00 -4.788414537906646729e-01
5.643545535212979303e-01 -2.643385827541351318e-01 1.623840212821960449e+00 -1.385623335838317871e+00 -5.699967741966247559e-01
5.663071787466833484e-01 -3.286457657814025879e-01 1.435306668281555176e+00 -1.101810455322265625e+00 -3.954536318778991699e-01
5.682607037465459143e-01 -3.759240508079528809e-01 1.209968090057373047e+00 -9.220026135444641113e-01 9.391306899487972260e-03
5.702131289717726759e-01 -4.057042002677917480e-01 9.647337794303894043e-01 -8.804793953895568848e-01 5.437712073326110840e-01
5.721666539716352418e-01 -4.178210198879241943e-01 7.177863121032714844e-01 -9.891653060913085938e-01 1.069138646125793457e+00
5.741200789716458530e-01 -4.124160110950469971e-01 4.873088896274566650e-01 -1.235751271247863770e+00 1.447132229804992676e+00
5.760726041967245692e-01 -3.899347186088562012e-01 2.902128696441650391e-01 -1.585593700408935547e+00 1.577513694763183594e+00
5.780261291970418824e-01 -3.511187136173248291e-01 1.409539729356765747e-01 -1.987096548080444336e+00 1.425679564476013184e+00
5.799787544219725532e-01 -2.969923615455627441e-01 5.052032694220542908e-02 -2.379738092422485352e+00 1.032205581665039062e+00
5.819323794221418211e-01 -2.288447767496109009e-01 2.566245570778846741e-02 -2.703491449356079102e+00 5.018073916435241699e-01
5.838858044221524324e-01 -1.482069641351699829e-01 6.841911375522613525e-02 -2.908173322677612305e+00 -2.525667659938335419e-02
5.858384296475378505e-01 -5.682479217648506165e-02 1.759719848632812500e-01 -2.961261510848999023e+00 -4.115059971809387207e-01
5.877919546474004164e-01 4.337168484926223755e-02 3.408394157886505127e-01 -2.852968215942382812e+00 -5.597777366638183594e-01
5.897445798727858346e-01 1.503022909164428711e-01 5.513957142829895020e-01 -2.597775459289550781e+00 -4.397014379501342773e-01
5.916982048725003551e-01 2.617733180522918701e-01 7.926796078681945801e-01 -2.232192754745483398e+00 -9.585208445787429810e-02
5.936506300977271167e-01 3.755160868167877197e-01 1.047435879707336426e+00 -1.809091091156005859e+00 3.646498322486877441e-01
5.956041550975896826e-01 4.892269670963287354e-01 1.297317028045654297e+00 -1.389489173889160156e+00 8.016920685768127441e-01
5.975576800979069958e-01 6.006078124046325684e-01 1.524161815643310547e+00 -1.033076405525207520e+00 1.080775856971740723e+00
5.995101053231337573e-01 7.074062824249267578e-01 1.711260676383972168e+00 -7.889456152915954590e-01 1.110090374946594238e+00
6.014636303229963232e-01 8.074556589126586914e-01 1.844520926475524902e+00 -6.879799962043762207e-01 8.658936023712158203e-01
6.034161555480750394e-01 8.987129330635070801e-01 1.913449168205261230e+00 -7.380794882774353027e-01 3.992404043674468994e-01
6.053696805483923526e-01 9.792944788932800293e-01 1.911883354187011719e+00 -9.229695796966552734e-01 -1.777868270874023438e-01
6.073231055484029639e-01 1.047509551048278809e+00 1.838423371315002441e+00 -1.204779148101806641e+00 -7.225746512413024902e-01
6.092756307734816801e-01 1.101889848709106445e+00 1.696529626846313477e+00 -1.529983997344970703e+00 -1.100845456123352051e+00
6.112292557736509480e-01 1.141215324401855469e+00 1.494283199310302734e+00 -1.837791085243225098e+00 -1.223244667053222656e+00
6.131817809987296641e-01 1.164535999298095703e+00 1.243823766708374023e+00 -2.069656848907470703e+00 -1.069623231887817383e+00
6.151354059984441847e-01 1.171188235282897949e+00 9.605057239532470703e-01 -2.178458213806152344e+00 -6.943620443344116211e-01
6.170889309987614979e-01 1.160807132720947266e+00 6.618296504020690918e-01 -2.135884046554565430e+00 -2.112806588411331177e-01
6.190414562238402141e-01 1.133332490921020508e+00 3.662245273590087891e-01 -1.936900973320007324e+00 2.377310693264007568e-01
6.209950812240094820e-01 1.089010238647460938e+00 9.176616370677947998e-02 -1.600592017173767090e+00 5.217602849006652832e-01
6.229476064490881981e-01 1.028388381004333496e+00 -1.450801342725753784e-01 -1.167241334915161133e+00 5.568937063217163086e-01
6.249152040800254326e-01 9.523073434829711914e-01 -3.306037783622741699e-01 -6.921167373657226562e-01 3.293417990207672119e-01
6.268684295305320120e-01 8.618853092193603516e-01 -4.548009932041168213e-01 -2.369186133146286011e-01 -1.006750389933586121e-01
6.288208547557587735e-01 7.584990262985229492e-01 -5.120679140090942383e-01 1.397728770971298218e-01 -6.153437495231628418e-01
6.307743797560760868e-01 6.437594890594482422e-01 -5.015867352485656738e-01 3.915651738643646240e-01 -1.071480989456176758e+00
6.327279047559386527e-01 5.194841623306274414e-01 -4.273776412010192871e-01 4.914230406284332275e-01 -1.339730501174926758e+00
6.346804299810173688e-01 3.876649439334869385e-01 -2.980134189128875732e-01 4.358241260051727295e-01 -1.339992403984069824e+00
6.366339549808799347e-01 2.504336535930633545e-01 -1.260158568620681763e-01 2.452536076307296753e-01 -1.063375115394592285e+00
6.385863802061066963e-01 1.100245639681816101e-01 7.302299141883850098e-02 -3.903906419873237610e-02 -5.746538639068603516e-01
6.405400052062759642e-01 -3.126446902751922607e-02 2.815342247486114502e-01 -3.615157604217529297e-01 5.439112894237041473e-03
6.424936302064452320e-01 -1.711122542619705200e-01 4.812034964561462402e-01 -6.610487103462219238e-01 5.332381129264831543e-01
6.444460554316719936e-01 -3.072148263454437256e-01 6.542544364929199219e-01 -8.804881572723388672e-01 8.814319372177124023e-01
6.463994804316826048e-01 -4.373256564140319824e-01 7.846950292587280273e-01 -9.756075143814086914e-01 9.738486409187316895e-01
6.483521056566132756e-01 -5.592949986457824707e-01 8.594396114349365234e-01 -9.220333099365234375e-01 8.062054514884948730e-01
6.503056306569305889e-01 -6.711074709892272949e-01 8.692283630371093750e-01 -7.190796136856079102e-01 4.471367597579956055e-01
6.522592556566451094e-01 -7.709172368049621582e-01 8.092802166938781738e-01 -3.898904621601104736e-01 1.922117546200752258e-02
6.542117808821785729e-01 -8.570802807807922363e-01 6.796333789825439453e-01 2.213335409760475159e-02 -3.347923755645751953e-01
6.561652058817344368e-01 -9.281833171844482422e-01 4.851502478122711182e-01 4.600655734539031982e-01 -4.913004040718078613e-01
6.581177311072679004e-01 -9.830682277679443359e-01 2.351858913898468018e-01 8.622961640357971191e-01 -3.799261748790740967e-01
6.600712561071304663e-01 -1.020852446556091309e+00 -5.705685541033744812e-02 1.172106146812438965e+00 -3.023721976205706596e-03
6.620246811071410775e-01 -1.040944576263427734e+00 -3.754403293132781982e-01 1.346484780311584473e+00 5.647426843643188477e-01
6.639773063325264957e-01 -1.043054342269897461e+00 -7.020096182823181152e-01 1.362814903259277344e+00 1.196630597114562988e+00
6.659308313323890616e-01 -1.027197957038879395e+00 -1.018236875534057617e+00 1.222386479377746582e+00 1.748319506645202637e+00
6.678833565574677777e-01 -9.936976432800292969e-01 -1.306305408477783203e+00 9.501895904541015625e-01 2.097226858139038086e+00
6.698368815577850910e-01 -9.431762695312500000e-01 -1.550344824790954590e+00 5.910215377807617188e-01 2.175865411758422852e+00
6.717903065577957022e-01 -8.765460252761840820e-01 -1.737529039382934570e+00 2.025109678506851196e-01 1.990102291107177734e+00
6.737429317827263731e-01 -7.949928045272827148e-01 -1.858963966369628906e+00 -1.538510173559188843e-01 1.617319226264953613e+00
6.756966567827475956e-01 -6.999554038047790527e-01 -1.910299301147460938e+00 -4.222782552242279053e-01 1.184977054595947266e+00
6.776491820078263117e-01 -5.931001901626586914e-01 -1.892024397850036621e+00 -5.613641142845153809e-01 8.354648947715759277e-01
6.796026070078369230e-01 -4.762920141220092773e-01 -1.809427022933959961e+00 -5.505127906799316406e-01 6.868669390678405762e-01
6.815561320081542362e-01 -3.515616953372955322e-01 -1.672216653823852539e+00 -3.931252658367156982e-01 8.004035353660583496e-01
6.835085572333809978e-01 -2.210703492164611816e-01 -1.493840575218200684e+00 -1.160444542765617371e-01 1.163470268249511719e+00
6.854620822332435637e-01 -8.707170933485031128e-02 -1.290538668632507324e+00 2.346546202898025513e-01 1.692926287651062012e+00
6.874298915754479822e-01 4.812735691666603088e-02 -1.080203771591186523e+00 6.008732318878173828e-01 2.257730722427368164e+00
6.893822172514774138e-01 1.822071969509124756e-01 -8.811275959014892578e-01 9.215732216835021973e-01 2.714727163314819336e+00
6.913358422511919343e-01 3.128758966922760010e-01 -7.107180356979370117e-01 1.142322063446044922e+00 2.947766780853271484e+00
6.932883674767253979e-01 4.379093348979949951e-01 -5.842791795730590820e-01 1.223811507225036621e+00 2.899451255798339844e+00
6.952419924764399184e-01 5.551901459693908691e-01 -5.139374136924743652e-01 1.148023486137390137e+00 2.586794376373291016e+00
6.971944177016666799e-01 6.627445816993713379e-01 -5.077900290489196777e-01 9.210813641548156738e-01 2.096513748168945312e+00
6.991479427015292458e-01 7.587771415710449219e-01 -5.693346858024597168e-01 5.723440647125244141e-01 1.561239004135131836e+00
7.011014677018465591e-01 8.417018055915832520e-01 -6.972200274467468262e-01 1.498818248510360718e-01 1.123162031173706055e+00
7.030538929270733206e-01 9.101698398590087891e-01 -8.853343725204467773e-01 -2.869603335857391357e-01 8.950877189636230469e-01
7.050075179267878411e-01 9.630932211875915527e-01 -1.123227238655090332e+00 -6.767542958259582520e-01 9.295623898506164551e-01
7.069599431520146027e-01 9.996635913848876953e-01 -1.396833062171936035e+00 -9.655041098594665527e-01 1.204539656639099121e+00
7.089134681523319159e-01 1.019366264343261719e+00 -1.689447760581970215e+00 -1.115002989768981934e+00 1.629511713981628418e+00
7.108668931523425272e-01 1.021989345550537109e+00 -1.982889175415039062e+00 -1.108730673789978027e+00 2.070424318313598633e+00
7.128194183774212433e-01 1.007627129554748535e+00 -2.258761405944824219e+00 -9.543735384941101074e-01 2.386547088623046875e+00
7.147729433772838092e-01 9.766783714294433594e-01 -2.499734401702880859e+00 -6.825734972953796387e-01 2.469192743301391602e+00
7.167255686026692274e-01 9.298391342163085938e-01 -2.690748453140258789e+00 -3.421033024787902832e-01 2.271670103073120117e+00
7.186789936026798387e-01 8.680906295776367188e-01 -2.820061922073364258e+00 7.782283239066600800e-03 1.822265028953552246e+00
7.206325186025424046e-01 7.926817536354064941e-01 -2.880068302154541016e+00 3.066260814666748047e-01 1.216682672500610352e+00
7.225850438276211207e-01 7.051070928573608398e-01 -2.867823123931884766e+00 5.022345781326293945e-01 5.920289754867553711e-01
7.245385688279384340e-01 6.070808172225952148e-01 -2.785248517990112305e+00 5.588547587394714355e-01 8.945280313491821289e-02
7.264919938279490452e-01 5.005061626434326172e-01 -2.638997554779052734e+00 4.627887308597564697e-01 -1.843087971210479736e-01
7.284446190528797160e-01 3.874422609806060791e-01 -2.439989089965820312e+00 2.245706021785736084e-01 -1.859487891197204590e-01
7.303981440531970293e-01 2.700678110122680664e-01 -2.202645540237426758e+00 -1.226330697536468506e-01 5.278126895427703857e-02
7.323507692781277001e-01 1.506427526473999023e-01 -1.943887472152709961e+00 -5.281506776809692383e-01 4.340161681175231934e-01
7.343042942784450133e-01 3.146861493587493896e-02 -1.681952595710754395e+00 -9.316624402999877930e-01 8.208421468734741211e-01
7.362568195035237295e-01 -8.515203744173049927e-02 -1.435125827789306641e+00 -1.272562742233276367e+00 1.075062036514282227e+00
7.382103445033862954e-01 -1.969560533761978149e-01 -1.220463752746582031e+00 -1.499370574951171875e+00 1.095308303833007812e+00
7.401637695033969067e-01 -3.017594516277313232e-01 -1.052606940269470215e+00 -1.577722072601318359e+00 8.450559973716735840e-01
7.421162947284756228e-01 -3.974959552288055420e-01 -9.427605271339416504e-01 -1.495700359344482422e+00 3.628559410572052002e-01
7.440697197284862341e-01 -4.822531938552856445e-01 -8.979144692420959473e-01 -1.265673041343688965e+00 -2.480181604623794556e-01
7.460232447288035473e-01 -5.543065071105957031e-01 -9.203583598136901855e-01 -9.223509430885314941e-01 -8.476731181144714355e-01
7.479757699538822635e-01 -6.121492385864257812e-01 -1.007524371147155762e+00 -5.173705816268920898e-01 -1.297749996185302734e+00
7.499433725397466333e-01 -6.545193791389465332e-01 -1.152169227600097656e+00 -1.112442836165428162e-01 -1.499172925949096680e+00
7.518965979902532126e-01 -6.804218292236328125e-01 -1.342882275581359863e+00 2.360678166151046753e-01 -1.419148087501525879e+00
7.538493232154905854e-01 -6.891459822654724121e-01 -1.564885139465332031e+00 4.744962453842163086e-01 -1.100015759468078613e+00
7.558027482155011967e-01 -6.802783608436584473e-01 -1.801065802574157715e+00 5.716557502746582031e-01 -6.475293636322021484e-01
7.577552734405799129e-01 -6.537101268768310547e-01 -2.033175945281982422e+00 5.178806185722351074e-01 -2.017751634120941162e-01
7.597086984405905241e-01 -6.096391677856445312e-01 -2.243108510971069336e+00 3.277173042297363281e-01 1.012955307960510254e-01
7.616622234404530900e-01 -5.485668182373046875e-01 -2.414164066314697266e+00 3.764196857810020447e-02 1.671799868345260620e-01
7.636147486659865535e-01 -4.712892174720764160e-01 -2.532221555709838867e+00 -2.996415793895721436e-01 -3.124494105577468872e-02
7.655681736659971648e-01 -3.788837492465972900e-01 -2.586727380752563477e+00 -6.234351396560668945e-01 -4.462808072566986084e-01
7.675216986658597307e-01 -2.726902067661285400e-01 -2.571437358856201172e+00 -8.745280504226684570e-01 -9.684944152832031250e-01
7.694742238909384469e-01 -1.542876660823822021e-01 -2.484857797622680664e+00 -1.004451394081115723e+00 -1.456746459007263184e+00
7.714277488912557601e-01 -2.546704001724720001e-02 -2.330355405807495117e+00 -9.830615520477294922e-01 -1.776931643486022949e+00
7.733801741164825216e-01 1.118001341819763184e-01 -2.115929365158081055e+00 -8.032738566398620605e-01 -1.838812232017517090e+00
7.753336991163450875e-01 2.553959488868713379e-01 -1.853658914566040039e+00 -4.822066128253936768e-01 -1.620849013328552246e+00
7.772872241162076534e-01 4.030929505825042725e-01 -1.558868885040283203e+00 -5.855881795287132263e-02 -1.176223278045654297e+00
7.792397493417411170e-01 5.525930523872375488e-01 -1.249066829681396484e+00 4.133712947368621826e-01 -6.183989048004150391e-01
7.811933743414556375e-01 7.015673518180847168e-01 -9.427298307418823242e-01 8.720946907997131348e-01 -9.017841517925262451e-02
7.831459995668410556e-01 8.476969599723815918e-01 -6.580222845077514648e-01 1.258458137512207031e+00 2.752653658390045166e-01
7.850995245667036215e-01 9.887130260467529297e-01 -4.115370213985443115e-01 1.524805068969726562e+00 3.907056748867034912e-01
7.870530495665661874e-01 1.122436642646789551e+00 -2.171454429626464844e-01 1.642344236373901367e+00 2.385734766721725464e-01
7.890056747919516056e-01 1.246816396713256836e+00 -8.503737300634384155e-02 1.605578780174255371e+00 -1.244316473603248596e-01
7.909591997918141715e-01 1.359964370727539062e+00 -2.101808786392211914e-02 1.433105826377868652e+00 -5.830934643745422363e-01
7.929118250171995896e-01 1.460188865661621094e+00 -2.611095830798149109e-02 1.164662957191467285e+00 -9.954746961593627930e-01
7.948653500170621555e-01 1.546023488044738770e+00 -9.649360179901123047e-02 8.548812866210937500e-01 -1.232039570808410645e+00
7.968179752424475737e-01 1.616253137588500977e+00 -2.237719744443893433e-01 5.647184848785400391e-01 -1.211379766464233398e+00
7.987714002424581849e-01 1.669934988021850586e+00 -3.955732882022857666e-01 3.519070744514465332e-01 -9.227484464645385742e-01
8.007249252423207508e-01 1.706414103507995605e+00 -5.964162945747375488e-01 2.619049549102783203e-01 -4.292270243167877197e-01
8.026773504675475124e-01 1.725335478782653809e+00 -8.087983727455139160e-01 3.207588195800781250e-01 1.493483781814575195e-01
8.046308754674100783e-01 1.726649761199951172e+00 -1.014423489570617676e+00 5.309919714927673340e-01 6.690213084220886230e-01
8.065835006927954964e-01 1.710613608360290527e+00 -1.195485472679138184e+00 8.711572289466857910e-01 1.000968813896179199e+00
8.085370256926580623e-01 1.677785515785217285e+00 -1.335916757583618164e+00 1.299124956130981445e+00 1.066619038581848145e+00
8.104904506926686736e-01 1.629015207290649414e+00 -1.422516345977783203e+00 1.758594632148742676e+00 8.590081334114074707e-01
8.124580431440335815e-01 1.565429091453552246e+00 -1.445877313613891602e+00 2.187814950942993164e+00 4.445269703865051270e-01
8.144105690448668611e-01 1.488409876823425293e+00 -1.401049494743347168e+00 2.529156446456909180e+00 -5.542166903614997864e-02
8.163631942702522792e-01 1.399572491645812988e+00 -1.287891864776611328e+00 2.738043546676635742e+00 -4.978248775005340576e-01
8.183168192699667998e-01 1.300735235214233398e+00 -1.111088871955871582e+00 2.789857387542724609e+00 -7.573660016059875488e-01
8.202702442699774110e-01 1.193888187408447266e+00 -8.798299431800842285e-01 2.683731317520141602e+00 -7.608612179756164551e-01
8.222227694955108745e-01 1.081157565116882324e+00 -6.071752905845642090e-01 2.442653179168701172e+00 -5.073873996734619141e-01
8.241762944953734404e-01 9.647689461708068848e-01 -3.091512322425842285e-01 2.109852552413940430e+00 -6.858441233634948730e-02
8.261288197204521566e-01 8.470073342323303223e-01 -3.638141322880983353e-03 1.742040157318115234e+00 4.309518337249755859e-01
8.280823447203147225e-01 7.301777005195617676e-01 2.908705472946166992e-01 1.400551676750183105e+00 8.478120565414428711e-01
8.300350699455520953e-01 6.165639162063598633e-01 5.565527081489562988e-01 1.141773581504821777e+00 1.059094786643981934e+00
8.319886949457213632e-01 5.083886384963989258e-01 7.774950861930847168e-01 1.008345007896423340e+00 9.961287379264831543e-01
8.339421199457319744e-01 4.077743887901306152e-01 9.407984614372253418e-01 1.022504568099975586e+00 6.633546352386474609e-01
8.358947451711173926e-01 3.167059719562530518e-01 1.037472248077392578e+00 1.182618021965026855e+00 1.371900737285614014e-01
8.378483701708319131e-01 2.369956523180007935e-01 1.063057422637939453e+00 1.463429570198059082e+00 -4.548116624355316162e-01
8.398008953963653767e-01 1.702511608600616455e-01 1.017933607101440430e+00 1.819995164871215820e+00 -9.687977433204650879e-01
8.417545203960798972e-01 1.178473979234695435e-01 9.072886109352111816e-01 2.194687843322753906e+00 -1.283900618553161621e+00
8.437070456211586134e-01 8.090215921401977539e-02 7.407537698745727539e-01 2.526181459426879883e+00 -1.335205912590026855e+00
8.456605706214759266e-01 6.025636941194534302e-02 5.317290425300598145e-01 2.759014844894409180e+00 -1.131369829177856445e+00
8.476131958464065974e-01 5.645917356014251709e-02 2.964460849761962891e-01 2.852247476577758789e+00 -7.520578503608703613e-01
8.495666208464172087e-01 6.975816190242767334e-02 5.283394828438758850e-02 2.785856008529663086e+00 -3.259100615978240967e-01
8.515202458465864765e-01 1.000948697328567505e-01 -1.807330846786499023e-01 2.563877820968627930e+00 4.926822613924741745e-03
8.534727710716651927e-01 1.471055746078491211e-01 -3.867184519767761230e-01 2.213809490203857422e+00 1.239784210920333862e-01
8.554263960718344606e-01 2.101275920867919922e-01 -5.496475100517272949e-01 1.782356262207031250e+00 -2.740794606506824493e-02
8.573789212969131768e-01 2.882106006145477295e-01 -6.571874618530273438e-01 1.328191876411437988e+00 -4.337561726570129395e-01
8.593324462972304900e-01 3.801332712173461914e-01 -7.010080814361572266e-01 9.128581881523132324e-01 -1.009468197822570801e+00
8.612851715220131155e-01 4.844242930412292480e-01 -6.773626804351806641e-01 5.912210345268249512e-01 -1.622048854827880859e+00
8.632387965221823833e-01 5.993882417678833008e-01 -5.873493552207946777e-01 4.029680788516998291e-01 -2.128185272216796875e+00
8.651914217475678015e-01 7.231348752975463867e-01 -4.368338584899902344e-01 3.664742410182952881e-01 -2.412794828414916992e+00
8.671451467475890240e-01 8.536122441291809082e-01 -2.360398173332214355e-01 4.759883284568786621e-01 -2.420343399047851562e+00
8.690976719726677402e-01 9.886423945426940918e-01 1.165463239885866642e-03 7.025800347328186035e-01 -2.169848918914794922e+00
8.710512969728370081e-01 1.125959515571594238e+00 2.582395374774932861e-01 9.986986517906188965e-01 -1.749464392662048340e+00
8.730039221977676789e-01 1.263249278068542480e+00 5.171202421188354492e-01 1.305634021759033203e+00 -1.292124390602111816e+00
8.749719387474215182e-01 1.398189425468444824e+00 7.594873309135437012e-01 1.562716245651245117e+00 -9.389319419860839844e-01
8.769247644227107230e-01 1.528490066528320312e+00 9.680427312850952148e-01 1.716822504997253418e+00 -8.003226518630981445e-01
8.788773896480961412e-01 1.651934027671813965e+00 1.127719640731811523e+00 1.730708718299865723e+00 -9.256498813629150391e-01
8.808310146482654091e-01 1.766415238380432129e+00 1.226735949516296387e+00 1.588867783546447754e+00 -1.289530158042907715e+00
8.827835398733441252e-01 1.869975566864013672e+00 1.257420301437377930e+00 1.300003886222839355e+00 -1.798691034317016602e+00
8.847371648730586458e-01 1.960839271545410156e+00 1.216749548912048340e+00 8.957339525222778320e-01 -2.317445039749145508e+00
8.866896900985921093e-01 2.037443637847900391e+00 1.106564640998840332e+00 4.257207214832305908e-01 -2.704811096191406250e+00
8.886431150986027205e-01 2.098466396331787109e+00 9.334465265274047852e-01 -5.000535771250724792e-02 -2.853108167648315430e+00
8.905966400984652864e-01 2.142848730087280273e+00 7.082611918449401855e-01 -4.703408777713775635e-01 -2.717445373535156250e+00
8.925491653235440026e-01 2.169814109802246094e+00 4.454075992107391357e-01 -7.825720906257629395e-01 -2.328025341033935547e+00
8.945026903238613158e-01 2.178880929946899414e+00 1.618184000253677368e-01 -9.505324363708496094e-01 -1.781889915466308594e+00
8.964561153238719271e-01 2.169872283935546875e+00 -1.242154389619827271e-01 -9.601848125457763672e-01 -1.216371178627014160e+00
8.984087405488025979e-01 2.142917394638061523e+00 -3.943144381046295166e-01 -8.217589259147644043e-01 -7.715201377868652344e-01
9.003622655491199112e-01 2.098450422286987305e+00 -6.312865614891052246e-01 -5.681112408638000488e-01 -5.518140792846679688e-01
9.023147907741986273e-01 2.037202596664428711e+00 -8.203198909759521484e-01 -2.495637834072113037e-01 -5.976335406303405762e-01
9.042684157743678952e-01 1.960188746452331543e+00 -9.500095248222351074e-01 7.397549599409103394e-02 -8.743266463279724121e-01
9.062208409991399094e-01 1.868690252304077148e+00 -1.013146400451660156e+00 3.423815667629241943e-01 -1.281856417655944824e+00
9.081743659994572226e-01 1.764232516288757324e+00 -1.007213592529296875e+00 5.047122836112976074e-01 -1.682386040687561035e+00
9.101278909993197885e-01 1.648557543754577637e+00 -9.345550537109375000e-01 5.271747708320617676e-01 -1.938238978385925293e+00
9.120803162245465501e-01 1.523594021797180176e+00 -8.022055625915527344e-01 3.984167575836181641e-01 -1.949831366539001465e+00
9.140339412247158180e-01 1.391423583030700684e+00 -6.213932037353515625e-01 1.313195526599884033e-01 -1.683175563812255859e+00
9.159873662247264292e-01 1.254243731498718262e+00 -4.067495763301849365e-01 -2.389875948429107666e-01 -1.179416775703430176e+00
9.179399914496571000e-01 1.114330172538757324e+00 -1.752823591232299805e-01 -6.605820059776306152e-01 -5.437879562377929688e-01
9.198937164496783225e-01 9.739961624145507812e-01 5.481764674186706543e-02 -1.072821736335754395e+00 8.299429714679718018e-02
9.218462416752117861e-01 8.355526924133300781e-01 2.654521763324737549e-01 -1.415782213211059570e+00 5.630534887313842773e-01
9.237997666750743520e-01 7.012674212455749512e-01 4.398846328258514404e-01 -1.639583945274353027e+00 7.988961338996887207e-01
9.257522919001530681e-01 5.733255743980407715e-01 5.639142990112304688e-01 -1.712161302566528320e+00 7.598865032196044922e-01
9.277058169000156340e-01 4.537912607192993164e-01 6.268736124038696289e-01 -1.624259829521179199e+00 4.903996288776397705e-01
9.296592419000262453e-01 3.445715010166168213e-01 6.223792433738708496e-01 -1.390884041786193848e+00 9.741991758346557617e-02
9.316117671255597088e-01 2.473828792572021484e-01 5.487841963768005371e-01 -1.048972249031066895e+00 -2.790135145187377930e-01
9.335651921255703201e-01 1.637215763330459595e-01 4.092994928359985352e-01 -6.516574025154113770e-01 -5.044124722480773926e-01
9.355187171254328860e-01 9.483707696199417114e-02 2.117771208286285400e-01 -2.600103318691253662e-01 -4.869140386581420898e-01
9.374855998921702849e-01 4.171045869588851929e-02 -3.183061257004737854e-02 6.645012646913528442e-02 -2.026605606079101562e-01
9.394389251174288802e-01 5.037211813032627106e-03 -3.062980473041534424e-01 2.790015935897827148e-01 2.974725961685180664e-01
9.413915503428142983e-01 -1.478487439453601837e-02 -5.941814184188842773e-01 3.472777009010314941e-01 9.016465544700622559e-01
9.433449753428249096e-01 -1.766260340809822083e-02 -8.770287632942199707e-01 2.639652788639068604e-01 1.467553734779357910e+00
9.452975005679036258e-01 -3.808933543041348457e-03 -1.136660695075988770e+00 4.590770974755287170e-02 1.861281871795654297e+00
9.472508255680622824e-01 2.626081742346286774e-02 -1.356431841850280762e+00 -2.685567736625671387e-01 1.993895888328552246e+00
9.492042505680728937e-01 7.173808664083480835e-02 -1.522386193275451660e+00 -6.256076693534851074e-01 1.845714688301086426e+00
9.511575755677768029e-01 1.315352916717529297e-01 -1.624223828315734863e+00 -9.643685221672058105e-01 1.471627116203308105e+00
9.531100007930035645e-01 2.043050080537796021e-01 -1.656015157699584961e+00 -1.226434469223022461e+00 9.859939813613891602e-01
9.550635257933208777e-01 2.884635925292968750e-01 -1.616607666015625000e+00 -1.365016818046569824e+00 5.312722325325012207e-01
9.570168507930247870e-01 3.822191059589385986e-01 -1.509702801704406738e+00 -1.352279782295227051e+00 2.389616221189498901e-01
9.589702757930353982e-01 4.836026728153228760e-01 -1.343592524528503418e+00 -1.183726787567138672e+00 1.935766935348510742e-01
9.609226010184102051e-01 5.905032157897949219e-01 -1.130576372146606445e+00 -8.789529204368591309e-01 4.095187485218048096e-01
9.628760260184208164e-01 7.007043361663818359e-01 -8.861008882522583008e-01 -4.786451756954193115e-01 8.271855115890502930e-01
9.648294510184314277e-01 8.119236230850219727e-01 -6.276773214340209961e-01 -3.829899802803993225e-02 1.329384207725524902e+00
9.667818762436581892e-01 9.218521714210510254e-01 -3.736580312252044678e-01 3.803723454475402832e-01 1.773549199104309082e+00
9.687352012438168458e-01 1.028195619583129883e+00 -1.419530361890792847e-01 7.189961075782775879e-01 2.030932903289794922e+00
9.706886262438274571e-01 1.128714442253112793e+00 5.122154951095581055e-02 9.315789341926574707e-01 2.022027969360351562e+00
9.726420512438380683e-01 1.221262931823730469e+00 1.924769431352615356e-01 9.916178584098815918e-01 1.738511204719543457e+00
9.745944764686100825e-01 1.303827285766601562e+00 2.721874713897705078e-01 8.961764574050903320e-01 1.245694041252136230e+00
9.765479014686206938e-01 1.374560952186584473e+00 2.851636707782745361e-01 6.662918925285339355e-01 6.648043394088745117e-01
9.785013264686313050e-01 1.431816816329956055e+00 2.310157120227813721e-01 3.436489105224609375e-01 1.399573683738708496e-01
9.804538516941647686e-01 1.474176526069641113e+00 1.141816824674606323e-01 -1.596013829112052917e-02 -2.011375427246093750e-01
9.824072766941753798e-01 1.500475645065307617e+00 -5.638103559613227844e-02 -3.513706326484680176e-01 -2.819648981094360352e-01
9.843607016941859911e-01 1.509823679924011230e+00 -2.678199708461761475e-01 -6.056157350540161133e-01 -9.795413911342620850e-02
9.863137287211429793e-01 1.501620292663574219e+00 -5.042836070060729980e-01 -7.348400354385375977e-01 2.824910581111907959e-01
9.882661539463697409e-01 1.475565671920776367e+00 -7.480272650718688965e-01 -7.151684761047363281e-01 7.369657158851623535e-01
9.902196789462323068e-01 1.431666374206542969e+00 -9.806507229804992676e-01 -5.464601516723632812e-01 1.122836232185363770e+00
9.921731039462429180e-01 1.370234847068786621e+00 -1.184382677078247070e+00 -2.523626387119293213e-01 1.316554784774780273e+00
9.941264289464015746e-01 1.291884660720825195e+00 -1.343321084976196289e+00 1.233425289392471313e-01 1.247738599777221680e+00
9.960789541714802908e-01 1.197519659996032715e+00 -1.444543600082397461e+00 5.235334038734436035e-01 9.186715483665466309e-01
9.980323791714909021e-01 1.088318347930908203e+00 -1.479011297225952148e+00 8.866226673126220703e-01 4.038811326026916504e-01
9.999997941440597060e-01 9.657136201858520508e-01 -1.442200779914855957e+00 1.156131982803344727e+00 -1.700942218303680420e-01
1.001952219819941092e+00 8.313676714897155762e-01 -1.334422349929809570e+00 1.289474129676818848e+00 -6.592053771018981934e-01
1.003906144819666224e+00 6.871433258056640625e-01 -1.160801768302917480e+00 1.264575719833374023e+00 -9.412058591842651367e-01
1.005858870044903597e+00 5.350713133811950684e-01 -9.309259057044982910e-01 1.083308458328247070e+00 -9.490052461624145508e-01
1.007812595044924819e+00 3.773151934146881104e-01 -6.581780910491943359e-01 7.711948752403259277e-01 -6.889231801033020020e-01
1.009765220270310238e+00 2.161336094141006470e-01 -3.588087558746337891e-01 3.734342157840728760e-01 -2.388424575328826904e-01
1.011717845495695656e+00 5.384095385670661926e-02 -5.080644786357879639e-02 -5.213217809796333313e-02 2.732321321964263916e-01
1.013671570495716878e+00 -1.072330102324485779e-01 2.473517060279846191e-01 -4.440206587314605713e-01 7.043309807777404785e-01
1.015624195720647549e+00 -2.647836208343505859e-01 5.179837346076965332e-01 -7.466686964035034180e-01 9.357575178146362305e-01
1.017577920720668772e+00 -4.165714979171752930e-01 7.454307079315185547e-01 -9.190716743469238281e-01 9.056514501571655273e-01
1.019530545946054190e+00 -5.604614615440368652e-01 9.171431660652160645e-01 -9.411489367485046387e-01 6.259534358978271484e-01
1.021484370945927367e+00 -6.944599151611328125e-01 1.024550437927246094e+00 -8.168468475341796875e-01 1.791202276945114136e-01
1.023437096171164740e+00 -8.167490959167480469e-01 1.063652753829956055e+00 -5.734956264495849609e-01 -3.045080006122589111e-01
1.025389821396402112e+00 -9.257191419601440430e-01 1.035293579101562500e+00 -2.575214207172393799e-01 -6.824856996536254883e-01
1.027343546396423335e+00 -1.019995689392089844e+00 9.450947642326354980e-01 7.282009720802307129e-02 -8.393789529800415039e-01
1.029296271621660708e+00 -1.098464012145996094e+00 8.030577301979064941e-01 3.565552234649658203e-01 -7.185003161430358887e-01
1.031249996621681930e+00 -1.160287976264953613e+00 6.228593587875366211e-01 5.395301580429077148e-01 -3.375620841979980469e-01
1.033203021846929914e+00 -1.204924464225769043e+00 4.208915531635284424e-01 5.828893184661865234e-01 2.160418927669525146e-01
1.035155747072167287e+00 -1.232133269309997559e+00 2.151106894016265869e-01 4.691735506057739258e-01 8.090350031852722168e-01
1.037108472297404660e+00 -1.241980075836181641e+00 2.377870306372642517e-02 2.050878256559371948e-01 1.298615813255310059e+00
1.039062297297277837e+00 -1.234835863113403320e+00 -1.358179897069931030e-01 -1.794927418231964111e-01 1.571411490440368652e+00
1.041015022522515210e+00 -1.211369514465332031e+00 -2.485812455415725708e-01 -6.361238360404968262e-01 1.574354290962219238e+00
1.042968747522536432e+00 -1.172536730766296387e+00 -3.026615679264068604e-01 -1.105283856391906738e+00 1.329017400741577148e+00
1.044921472747773805e+00 -1.119562149047851562e+00 -2.902920246124267578e-01 -1.525589704513549805e+00 9.254869818687438965e-01
1.046874197973011178e+00 -1.053918004035949707e+00 -2.083374708890914917e-01 -1.843301892280578613e+00 4.974484443664550781e-01
1.048827922973032400e+00 -9.772984385490417480e-01 -5.852086097002029419e-02 -2.020638465881347656e+00 1.853193193674087524e-01
1.050780548197963071e+00 -8.915890455245971680e-01 1.526891887187957764e-01 -2.041602134704589844e+00 9.753392636775970459e-02
1.052734273197984294e+00 -7.988339662551879883e-01 4.145217537879943848e-01 -1.914416074752807617e+00 2.805933356285095215e-01
1.054686998423221667e+00 -7.011997103691101074e-01 7.126470208168029785e-01 -1.670186281204223633e+00 7.060906887054443359e-01
1.056639823648765741e+00 -6.009368896484375000e-01 1.030167937278747559e+00 -1.357999682426452637e+00 1.278270363807678223e+00
1.058593448648480262e+00 -5.003409385681152344e-01 1.348790764808654785e+00 -1.037224531173706055e+00 1.860051155090332031e+00
1.060546173873717635e+00 -4.017111361026763916e-01 1.650093317031860352e+00 -7.682082056999206543e-01 2.310383558273315430e+00
1.062513968126495456e+00 -3.073106110095977783e-01 1.916802287101745605e+00 -6.028257608413696289e-01 2.522704362869262695e+00
1.064466593802535499e+00 -2.193260937929153442e-01 2.133989810943603516e+00 -5.763482451438903809e-01 2.453951597213745117e+00
1.066419419027624826e+00 -1.398296207189559937e-01 2.290108203887939453e+00 -7.019004225730895996e-01 2.136188983917236328e+00
1.068373244027498004e+00 -7.074189186096191406e-02 2.377786874771118164e+00 -9.683689475059509277e-01 1.667656064033508301e+00
1.070325869252883422e+00 -1.379845477640628815e-02 2.394340515136718750e+00 -1.342088818550109863e+00 1.185698986053466797e+00
1.072279694252756599e+00 2.948095276951789856e-02 2.341948747634887695e+00 -1.772044777870178223e+00 8.290005326271057129e-01
1.074232419477993972e+00 5.781923234462738037e-02 2.227497816085815430e+00 -2.197778224945068359e+00 6.994637250900268555e-01
1.076185144703231344e+00 7.020453363656997681e-02 2.062093973159790039e+00 -2.558767795562744141e+00 8.341965079307556152e-01
1.078139069702956476e+00 6.590818613767623901e-02 1.860282778739929199e+00 -2.803822517395019531e+00 1.195275664329528809e+00
1.080091794928193849e+00 4.449771344661712646e-02 1.639028787612915039e+00 -2.899026632308959961e+00 1.680096864700317383e+00
1.082044620153737924e+00 5.844617728143930435e-03 1.416526794433593750e+00 -2.832995891571044922e+00 2.149474143981933594e+00
1.083998345153759146e+00 -4.987313225865364075e-02 1.210927486419677734e+00 -2.618627786636352539e+00 2.465787887573242188e+00
1.085951170378848474e+00 -1.221739947795867920e-01 1.039066553115844727e+00 -2.291076183319091797e+00 2.530727863311767578e+00
1.087903995603937801e+00 -2.102810740470886230e-01 9.152858853340148926e-01 -1.902260184288024902e+00 2.312282085418701172e+00
1.089857720603959024e+00 -3.131355047225952148e-01 8.504284024238586426e-01 -1.512767672538757324e+00 1.853582143783569336e+00
1.091810545829048351e+00 -4.294147193431854248e-01 8.510780334472656250e-01 -1.182412147521972656e+00 1.261171102523803711e+00
1.093763171054433769e+00 -5.575554966926574707e-01 9.190959930419921875e-01 -9.609144926071166992e-01 6.759166717529296875e-01
1.095716896054454992e+00 -6.957810521125793457e-01 1.051487803459167480e+00 -8.801605105400085449e-01 2.345353662967681885e-01
1.097669721279544319e+00 -8.421318531036376953e-01 1.240608096122741699e+00 -9.492409229278564453e-01 3.227341547608375549e-02
1.099623346279713587e+00 -9.945000410079956055e-01 1.474691033363342285e+00 -1.153045296669006348e+00 9.697150439023971558e-02
1.101576171504802915e+00 -1.150665640830993652e+00 1.738667845726013184e+00 -1.454630494117736816e+00 3.816190361976623535e-01
1.103528996730346989e+00 -1.308335781097412109e+00 2.015215396881103516e+00 -1.800992131233215332e+00 7.774375677108764648e-01
1.105482721729913465e+00 -1.465184092521667480e+00 2.285961866378784180e+00 -2.131343364715576172e+00 1.143905520439147949e+00
1.107435546955457539e+00 -1.618891835212707520e+00 2.532766103744506836e+00 -2.386608362197875977e+00 1.347494125366210938e+00
1.109388272180694912e+00 -1.767187714576721191e+00 2.738981485366821289e+00 -2.518652677536010742e+00 1.298494696617126465e+00
1.111341997180716135e+00 -1.907888054847717285e+00 2.890615701675415039e+00 -2.497814655303955078e+00 9.758443832397460938e-01
1.113294722405953507e+00 -2.038934230804443359e+00 2.977305889129638672e+00 -2.317560672760009766e+00 4.331416487693786621e-01
1.115248447405974730e+00 -2.158429384231567383e+00 2.993041038513183594e+00 -1.995543599128723145e+00 -2.157972604036331177e-01
1.117201372630916012e+00 -2.264670133590698242e+00 2.936581134796142578e+00 -1.570894837379455566e+00 -8.278856873512268066e-01
1.119154197856005339e+00 -2.356177806854248047e+00 2.811543464660644531e+00 -1.098175048828125000e+00 -1.269737601280212402e+00
1.121106923081242712e+00 -2.431723117828369141e+00 2.626152992248535156e+00 -6.389239430427551270e-01 -1.453984379768371582e+00
1.123060748081570637e+00 -2.490347623825073242e+00 2.392667770385742188e+00 -2.521252632141113281e-01 -1.362984776496887207e+00
1.125027939856863668e+00 -2.531380891799926758e+00 2.126527547836303711e+00 1.492808852344751358e-02 -1.053433775901794434e+00
1.126981165307370247e+00 -2.554451465606689453e+00 1.845277667045593262e+00 1.339463591575622559e-01 -6.406077146530151367e-01
1.128933790532755665e+00 -2.559493541717529297e+00 1.567348599433898926e+00 9.999371320009231567e-02 -2.665659487247467041e-01
1.130887115532459575e+00 -2.546748399734497070e+00 1.310773253440856934e+00 -6.779960542917251587e-02 -6.102622300386428833e-02
1.132840540532470186e+00 -2.516758680343627930e+00 1.091932058334350586e+00 -3.292745053768157959e-01 -1.056377813220024109e-01
1.134793065758003650e+00 -2.470360279083251953e+00 9.244142770767211914e-01 -6.295562386512756348e-01 -4.114456176757812500e-01
1.136746490758014261e+00 -2.408667087554931641e+00 8.180738687515258789e-01 -9.076599478721618652e-01 -9.157235622406005859e-01
1.138699815757718170e+00 -2.333050489425659180e+00 7.783464789390563965e-01 -1.106048226356506348e+00 -1.499045610427856445e+00
1.140652240982944932e+00 -2.245116710662841797e+00 8.058742284774780273e-01 -1.179651021957397461e+00 -2.017917156219482422e+00
1.142605665982955543e+00 -2.146677494049072266e+00 8.964658379554748535e-01 -1.102943658828735352e+00 -2.344024419784545898e+00
1.144559090982966154e+00 -2.039718627929687500e+00 1.041393518447875977e+00 -8.739792108535766602e-01 -2.399344921112060547e+00
1.146512415983124811e+00 -1.926364898681640625e+00 1.228006601333618164e+00 -5.147480964660644531e-01 -2.177498340606689453e+00
1.148464941208203527e+00 -1.808843374252319336e+00 1.440619349479675293e+00 -6.780721247196197510e-02 -1.745482206344604492e+00
1.150418466208066093e+00 -1.689443588256835938e+00 1.661610364913940430e+00 4.102953970432281494e-01 -1.225323796272277832e+00
1.152371891208076704e+00 -1.570477724075317383e+00 1.872656822204589844e+00 8.577772378921508789e-01 -7.606683373451232910e-01
1.154324316433303466e+00 -1.454239845275878906e+00 2.056018590927124023e+00 1.217195510864257812e+00 -4.774675667285919189e-01
1.156277741433314077e+00 -1.342966079711914062e+00 2.195781946182250977e+00 1.444347500801086426e+00 -4.495374262332916260e-01
1.158231166433324688e+00 -1.238794803619384766e+00 2.278975009918212891e+00 1.515111923217773438e+00 -6.784259080886840820e-01
1.160183591658551450e+00 -1.143729567527770996e+00 2.296479701995849609e+00 1.429164409637451172e+00 -1.093106985092163086e+00
1.162137016658562061e+00 -1.059604048728942871e+00 2.243673801422119141e+00 1.209990859031677246e+00 -1.569583415985107422e+00
1.164090441658572672e+00 -9.880492687225341797e-01 2.120760917663574219e+00 9.011940360069274902e-01 -1.965024709701538086e+00
1.166042866883799434e+00 -9.304655790328979492e-01 1.932763218879699707e+00 5.596715807914733887e-01 -2.157082080841064453e+00
1.167996291883810045e+00 -8.879979252815246582e-01 1.689178109169006348e+00 2.467256039381027222e-01 -2.077605247497558594e+00
1.169949816884127358e+00 -8.615156412124633789e-01 1.403323888778686523e+00 1.849102601408958435e-02 -1.731514930725097656e+00
1.171902142109047418e+00 -8.515974283218383789e-01 1.091418266296386719e+00 -8.282819390296936035e-02 -1.195662498474121094e+00
1.173855667108909984e+00 -8.585209846496582031e-01 7.714546322822570801e-01 -3.554878756403923035e-02 -5.979811549186706543e-01
1.175809092108920595e+00 -8.822581768035888672e-01 4.619555771350860596e-01 1.581021845340728760e-01 -8.264535665512084961e-02
1.177761517334147356e+00 -9.224755764007568359e-01 1.806885153055191040e-01 4.723258912563323975e-01 2.292174249887466431e-01
1.179714942334157968e+00 -9.785401821136474609e-01 -5.656574293971061707e-02 8.617656826972961426e-01 2.724960744380950928e-01
1.181668367334168579e+00 -1.049530863761901855e+00 -2.371055334806442261e-01 1.268571376800537109e+00 5.571277067065238953e-02
1.183621792334179190e+00 -1.134253740310668945e+00 -3.521865606307983398e-01 1.631413817405700684e+00 -3.415386974811553955e-01
1.185574217559405952e+00 -1.231263875961303711e+00 -3.976240158081054688e-01 1.895044565200805664e+00 -7.906288504600524902e-01
1.187541916316604329e+00 -1.338890314102172852e+00 -3.740768134593963623e-01 2.018913269042968750e+00 -1.149361371994018555e+00
